total_max_width: 29.00000
real_total_max_width: 1.91327

