total_max_width: 15.00000
real_total_max_width: 0.98962

