total_max_width: 44.00000
real_total_max_width: 2.90289

