total_max_width: 23.00000
real_total_max_width: 1.51742

