total_max_width: 26.00000
real_total_max_width: 1.71534

